{
 "cells": [
  {
   "cell_type": "code",
   "execution_count": 1,
   "id": "2a97513e",
   "metadata": {},
   "outputs": [
    {
     "data": {
      "text/latex": [
       "$\\displaystyle \\left[\\begin{matrix}3 & 6 & 6 & 0 & 9\\\\8 & 4 & 7 & 0 & 0\\\\7 & 1 & 5 & 7 & 0\\\\1 & 4 & 6 & 2 & 9\\\\9 & 9 & 9 & 1 & 2\\end{matrix}\\right]$"
      ],
      "text/plain": [
       "Matrix([\n",
       "[3, 6, 6, 0, 9],\n",
       "[8, 4, 7, 0, 0],\n",
       "[7, 1, 5, 7, 0],\n",
       "[1, 4, 6, 2, 9],\n",
       "[9, 9, 9, 1, 2]])"
      ]
     },
     "execution_count": 1,
     "metadata": {},
     "output_type": "execute_result"
    }
   ],
   "source": [
    "import numpy as np\n",
    "import sympy as sp\n",
    "#Q3\n",
    "# Singular-value decomposition\n",
    "np.random.seed(5)\n",
    "A = np.random.randint(0, 10, size=(5, 5))\n",
    "sp.Matrix(A)\n"
   ]
  },
  {
   "cell_type": "code",
   "execution_count": 2,
   "id": "8ea30e2b",
   "metadata": {},
   "outputs": [],
   "source": [
    "U,s,Vt = np.linalg.svd(A)"
   ]
  },
  {
   "cell_type": "code",
   "execution_count": 3,
   "id": "3367cd19",
   "metadata": {},
   "outputs": [
    {
     "data": {
      "text/latex": [
       "$\\displaystyle \\left[\\begin{matrix}0 & 1.0 & 0 & 0 & -1.0\\\\0 & 0 & 0 & -1.0 & 0\\\\0 & 0 & -1.0 & 0 & 0\\\\0 & 1.0 & 0 & 0 & 1.0\\\\-1.0 & 0 & 0 & 1.0 & 0\\end{matrix}\\right]$"
      ],
      "text/plain": [
       "Matrix([\n",
       "[   0, 1.0,    0,    0, -1.0],\n",
       "[   0,   0,    0, -1.0,    0],\n",
       "[   0,   0, -1.0,    0,    0],\n",
       "[   0, 1.0,    0,    0,  1.0],\n",
       "[-1.0,   0,    0,  1.0,    0]])"
      ]
     },
     "execution_count": 3,
     "metadata": {},
     "output_type": "execute_result"
    }
   ],
   "source": [
    "sp.Matrix(np.round(U))"
   ]
  },
  {
   "cell_type": "code",
   "execution_count": 4,
   "id": "39e86804",
   "metadata": {},
   "outputs": [
    {
     "data": {
      "text/plain": [
       "array([24.83450155, 11.52298078,  6.79509822,  2.0605893 ,  1.02423565])"
      ]
     },
     "execution_count": 4,
     "metadata": {},
     "output_type": "execute_result"
    }
   ],
   "source": [
    "s"
   ]
  },
  {
   "cell_type": "code",
   "execution_count": 5,
   "id": "66223ab3",
   "metadata": {},
   "outputs": [
    {
     "data": {
      "text/latex": [
       "$\\displaystyle \\left[\\begin{matrix}0 & 0 & 0 & 0 & 0\\\\0 & 0 & 0 & 0 & 0\\\\0 & 0 & 0 & 0 & 0\\\\0 & 0 & 0 & 0 & 0\\\\0 & 0 & 0 & 0 & 0\\end{matrix}\\right]$"
      ],
      "text/plain": [
       "Matrix([\n",
       "[0, 0, 0, 0, 0],\n",
       "[0, 0, 0, 0, 0],\n",
       "[0, 0, 0, 0, 0],\n",
       "[0, 0, 0, 0, 0],\n",
       "[0, 0, 0, 0, 0]])"
      ]
     },
     "execution_count": 5,
     "metadata": {},
     "output_type": "execute_result"
    }
   ],
   "source": [
    "Sigma = np.zeros((A.shape[0], A.shape[1]))\n",
    "sp.Matrix(Sigma)"
   ]
  },
  {
   "cell_type": "code",
   "execution_count": 6,
   "id": "718e84eb",
   "metadata": {},
   "outputs": [
    {
     "data": {
      "text/latex": [
       "$\\displaystyle \\left[\\begin{matrix}24.834501550605 & 0 & 0 & 0 & 0\\\\0 & 11.522980778964 & 0 & 0 & 0\\\\0 & 0 & 6.79509821629374 & 0 & 0\\\\0 & 0 & 0 & 2.06058930028494 & 0\\\\0 & 0 & 0 & 0 & 1.02423565017956\\end{matrix}\\right]$"
      ],
      "text/plain": [
       "Matrix([\n",
       "[24.834501550605,               0,                0,                0,                0],\n",
       "[              0, 11.522980778964,                0,                0,                0],\n",
       "[              0,               0, 6.79509821629374,                0,                0],\n",
       "[              0,               0,                0, 2.06058930028494,                0],\n",
       "[              0,               0,                0,                0, 1.02423565017956]])"
      ]
     },
     "execution_count": 6,
     "metadata": {},
     "output_type": "execute_result"
    }
   ],
   "source": [
    "Sigma[:A.shape[1], :A.shape[0]] = np.diag(s)\n",
    "sp.Matrix(Sigma)"
   ]
  },
  {
   "cell_type": "code",
   "execution_count": 7,
   "id": "c00ad5f0",
   "metadata": {},
   "outputs": [
    {
     "data": {
      "text/latex": [
       "$\\displaystyle \\left[\\begin{matrix}-0.516797892983105 & -0.471442922016907 & -0.604922030742529 & -0.147860125378131 & -0.350525646898887\\\\-0.538667454456122 & 0.111106990600147 & -0.0453411060276599 & -0.203319395425976 & 0.808763264309986\\\\0.0279007091344512 & 0.437762172325895 & -0.0049844920929427 & -0.860744914165776 & -0.258223117645638\\\\-0.279964548549532 & 0.757009302116919 & -0.342146527759077 & 0.437786550170605 & -0.19958822133593\\\\-0.602991470340366 & -0.0264197825295316 & 0.717582350122623 & 0.0652666530032705 & -0.341348965995357\\end{matrix}\\right]$"
      ],
      "text/plain": [
       "Matrix([\n",
       "[-0.516797892983105,  -0.471442922016907,  -0.604922030742529, -0.147860125378131, -0.350525646898887],\n",
       "[-0.538667454456122,   0.111106990600147, -0.0453411060276599, -0.203319395425976,  0.808763264309986],\n",
       "[0.0279007091344512,   0.437762172325895, -0.0049844920929427, -0.860744914165776, -0.258223117645638],\n",
       "[-0.279964548549532,   0.757009302116919,  -0.342146527759077,  0.437786550170605,  -0.19958822133593],\n",
       "[-0.602991470340366, -0.0264197825295316,   0.717582350122623, 0.0652666530032705, -0.341348965995357]])"
      ]
     },
     "execution_count": 7,
     "metadata": {},
     "output_type": "execute_result"
    }
   ],
   "source": [
    "sp.Matrix(Vt)"
   ]
  },
  {
   "cell_type": "code",
   "execution_count": 8,
   "id": "fac41b6e",
   "metadata": {},
   "outputs": [],
   "source": [
    "#Verification of SVD\n",
    "B=U@Sigma@Vt"
   ]
  },
  {
   "cell_type": "code",
   "execution_count": 9,
   "id": "8fbd619c",
   "metadata": {},
   "outputs": [
    {
     "data": {
      "text/latex": [
       "$\\displaystyle \\left[\\begin{matrix}3.0 & 6.0 & 6.00000000000001 & -7.35933729569862 \\cdot 10^{-16} & 9.00000000000001\\\\8.0 & 4.0 & 7.0 & -8.88618422342878 \\cdot 10^{-16} & -9.80778469202014 \\cdot 10^{-16}\\\\7.00000000000001 & 1.0 & 5.00000000000001 & 7.0 & -1.63189434312866 \\cdot 10^{-15}\\\\1.0 & 4.0 & 6.0 & 2.0 & 9.0\\\\9.00000000000001 & 9.00000000000001 & 9.00000000000001 & 1.0 & 2.0\\end{matrix}\\right]$"
      ],
      "text/plain": [
       "Matrix([\n",
       "[             3.0,              6.0, 6.00000000000001, -7.35933729569862e-16,      9.00000000000001],\n",
       "[             8.0,              4.0,              7.0, -8.88618422342878e-16, -9.80778469202014e-16],\n",
       "[7.00000000000001,              1.0, 5.00000000000001,                   7.0, -1.63189434312866e-15],\n",
       "[             1.0,              4.0,              6.0,                   2.0,                   9.0],\n",
       "[9.00000000000001, 9.00000000000001, 9.00000000000001,                   1.0,                   2.0]])"
      ]
     },
     "execution_count": 9,
     "metadata": {},
     "output_type": "execute_result"
    }
   ],
   "source": [
    "sp.Matrix(B)"
   ]
  },
  {
   "cell_type": "code",
   "execution_count": 10,
   "id": "79879342",
   "metadata": {},
   "outputs": [
    {
     "data": {
      "text/latex": [
       "$\\displaystyle \\left[\\begin{matrix}3.0 & 6.0 & 6.0 & 0 & 9.0\\\\8.0 & 4.0 & 7.0 & 0 & 0\\\\7.0 & 1.0 & 5.0 & 7.0 & 0\\\\1.0 & 4.0 & 6.0 & 2.0 & 9.0\\\\9.0 & 9.0 & 9.0 & 1.0 & 2.0\\end{matrix}\\right]$"
      ],
      "text/plain": [
       "Matrix([\n",
       "[3.0, 6.0, 6.0,   0, 9.0],\n",
       "[8.0, 4.0, 7.0,   0,   0],\n",
       "[7.0, 1.0, 5.0, 7.0,   0],\n",
       "[1.0, 4.0, 6.0, 2.0, 9.0],\n",
       "[9.0, 9.0, 9.0, 1.0, 2.0]])"
      ]
     },
     "execution_count": 10,
     "metadata": {},
     "output_type": "execute_result"
    }
   ],
   "source": [
    "C=np.round(B)\n",
    "sp.Matrix(C)"
   ]
  },
  {
   "cell_type": "code",
   "execution_count": 11,
   "id": "9889ed29",
   "metadata": {},
   "outputs": [
    {
     "data": {
      "text/latex": [
       "$\\displaystyle \\left[\\begin{matrix}5.7691772663619 & 5.2628654741363 & 6.75293470632506 & 1.6506090398492 & 3.91302793765835\\\\5.29956034892235 & 4.83446285332005 & 6.20323892926069 & 1.51624777941238 & 3.59450346994048\\\\4.21120990739802 & 3.84162770577545 & 4.92930347366867 & 1.20486177160528 & 2.85631403893117\\\\4.90056332696135 & 4.47048241829245 & 5.73620511959931 & 1.4020914515835 & 3.32387796791626\\\\7.84880444948781 & 7.15998140520051 & 9.18717895515953 & 2.24560747194773 & 5.32356515843906\\end{matrix}\\right]$"
      ],
      "text/plain": [
       "Matrix([\n",
       "[ 5.7691772663619,  5.2628654741363, 6.75293470632506,  1.6506090398492, 3.91302793765835],\n",
       "[5.29956034892235, 4.83446285332005, 6.20323892926069, 1.51624777941238, 3.59450346994048],\n",
       "[4.21120990739802, 3.84162770577545, 4.92930347366867, 1.20486177160528, 2.85631403893117],\n",
       "[4.90056332696135, 4.47048241829245, 5.73620511959931,  1.4020914515835, 3.32387796791626],\n",
       "[7.84880444948781, 7.15998140520051, 9.18717895515953, 2.24560747194773, 5.32356515843906]])"
      ]
     },
     "execution_count": 11,
     "metadata": {},
     "output_type": "execute_result"
    }
   ],
   "source": [
    "#rank 2 approximation\n",
    "k = 1\n",
    "Uk = U[:,:k] \n",
    "Sigmak = Sigma[:k,:k] \n",
    "Vtk = Vt[:k,:] \n",
    "Ak = Uk@Sigmak@Vtk\n",
    "sp.Matrix(Ak)"
   ]
  },
  {
   "cell_type": "code",
   "execution_count": 12,
   "id": "37d62ad0",
   "metadata": {},
   "outputs": [
    {
     "data": {
      "text/latex": [
       "$\\displaystyle \\left[\\begin{matrix}2.51616215733695 & 6.0918928768928 & 6.47650639053601 & 0.112274275834871 & 8.7200605103913\\\\7.60653852948551 & 5.21875987527469 & 6.3832022713669 & 0.697293599893878 & -0.288774996476368\\\\6.92012816537878 & 0.880316208504534 & 5.19704371153095 & 6.94710263496257 & -0.0390071282859602\\\\1.33195005070611 & 4.1880370056068 & 5.45266506603001 & 2.05596909903349 & 9.17864473015293\\\\9.45690193072708 & 8.05635163429957 & 9.30223252986719 & 0.440093335484851 & 2.31013748248083\\end{matrix}\\right]$"
      ],
      "text/plain": [
       "Matrix([\n",
       "[2.51616215733695,   6.0918928768928, 6.47650639053601, 0.112274275834871,     8.7200605103913],\n",
       "[7.60653852948551,  5.21875987527469,  6.3832022713669, 0.697293599893878,  -0.288774996476368],\n",
       "[6.92012816537878, 0.880316208504534, 5.19704371153095,  6.94710263496257, -0.0390071282859602],\n",
       "[1.33195005070611,   4.1880370056068, 5.45266506603001,  2.05596909903349,    9.17864473015293],\n",
       "[9.45690193072708,  8.05635163429957, 9.30223252986719, 0.440093335484851,    2.31013748248083]])"
      ]
     },
     "execution_count": 12,
     "metadata": {},
     "output_type": "execute_result"
    }
   ],
   "source": [
    "#rank 3 approximation\n",
    "k = 3\n",
    "Uk = U[:,:k] \n",
    "Sigmak = Sigma[:k,:k] \n",
    "Vtk = Vt[:k,:] \n",
    "Ak = Uk@Sigmak@Vtk\n",
    "sp.Matrix(Ak)"
   ]
  },
  {
   "cell_type": "code",
   "execution_count": null,
   "id": "3c03e498",
   "metadata": {},
   "outputs": [],
   "source": []
  },
  {
   "cell_type": "code",
   "execution_count": null,
   "id": "5f14d737",
   "metadata": {},
   "outputs": [],
   "source": []
  }
 ],
 "metadata": {
  "kernelspec": {
   "display_name": "Python 3 (ipykernel)",
   "language": "python",
   "name": "python3"
  },
  "language_info": {
   "codemirror_mode": {
    "name": "ipython",
    "version": 3
   },
   "file_extension": ".py",
   "mimetype": "text/x-python",
   "name": "python",
   "nbconvert_exporter": "python",
   "pygments_lexer": "ipython3",
   "version": "3.11.5"
  }
 },
 "nbformat": 4,
 "nbformat_minor": 5
}
